0
0
0
0
0
0
-2.85
0
0
0
0
0
-3.49
0.04
0
0
0
-8.2
-4.03
0.19
0.04
0
0
-12.7
-4.68001
0.41
0.04
0
0
-17.7
-5.19002
0.63
0.04
0
0
-24.7001
-5.72004
0.989999
0.04
0
0
-37.3
-14.5702
8.21009
0.15
0
0
-37.3
-15.1003
8.5801
0.17
0
0
-29.2001
-15.5603
8.80011
0.17
0
0
-17.4
-16.0403
8.92011
0.17
0
0
-8.29999
-16.6303
8.97011
0.13
0
0
-0.499998
-17.6303
9.00011
0.04
-0.3
-9.9
-0.499998
-18.4003
8.99011
-0.3
3.3
-19.7
-0.499998
-19.2403
8.99015
-0.86
3.3
-36.6
-0.499752
-19.9503
9.04015
-1.67
3.3
-52.8998
-0.499752
-20.3703
9.08016
-2.52
3.3
-64.0996
-0.499752
-20.6103
9.16016
-3.61
3.3
-87.9992
-0.499752
-20.7603
9.52017
-8.77011
3.3
-87.9992
-0.499752
-20.7903
9.52014
-9.39013
1.9
-92.799
-0.199813
-20.6803
9.58015
-10.2401
1.9
-100.799
-0.199813
-20.4603
9.63015
-10.9302
1.9
-111.899
-0.199813
-19.9303
9.69015
-11.8202
1.9
-124.298
-0.199813
-19.2403
9.73015
-12.5102
1.9
-139.499
-0.199813
-18.2904
9.80015
-13.0502
2.7
-154.6
-0.499874
-17.3204
9.81015
-13.3202
2.7
-168.9
-0.499874
-16.4504
9.83015
-13.3602
2.9
-182.201
-0.499874
-15.5403
9.81015
-13.2202
3.1
-182.201
10.2001
-15.1103
9.69014
-13.1702
3.1
-182.501
17.1002
-14.6303
9.47014
-13.0902
3.1
-182.501
27.5002
-14.2303
9.18013
-13.0502
3.1
-182.501
34.4002
-13.8904
8.84013
-13.0402
3.1
-182.5
43.7001
-7.00029
1.05002
-12.5802
3.6
-188.5
44.1001
-6.07045
0.0600295
-12.5202
3.6
-188.5
38.1003
-5.33044
-0.50997
-12.4502
3.6
-188.5
29.9004
-4.41042
-1.02997
-12.3602
3.6
-188.5
19.3004
-3.44041
-1.32997
-12.2402
3.6
-188.5
12.1003
-2.52041
-1.46997
-12.1302
3.6
-188.5
1.50033
-1.54041
-1.43997
-11.9702
3.6
-188.5
-6.59967
-0.550409
-1.23997
-11.8102
3.6
-188.5
-16.1997
0.369591
-0.85997
-11.6502
3.6
-188.5
-23.7997
1.19959
-0.35997
-11.5002
3.6
-188.5
-33.4997
1.90959
0.28003
-11.3502
3.6
-188.5
-45.6996
5.59962
4.93005
-10.5001
3.6
-188.5
-45.6996
6.44964
5.54006
-10.3501
3.6
-188.5
-23.1997
7.38946
5.79006
-10.2002
3.6
-188.5
-6.39956
8.24948
5.81006
-10.0702
3.6
-194.3
-2.19957
9.3595
5.83006
-9.53018
3.6
-208.501
-1.79957
10.0895
5.83006
-8.97017
3.6
-223.402
-1.79957
10.7495
5.75006
-8.15015
3.6
-239.803
-1.79957
11.1493
5.71006
-7.09016
3.6
-255.003
-1.79948
11.2593
5.63005
-5.99014
3.6
-271.804
-1.79948
11.0793
5.57005
-4.96011
3.6
-288.205
-1.79948
10.7693
5.52005
-4.2701
3.6
-298.206
-1.79948
10.0493
5.44005
-3.31009
3.6
-315.407
-1.79948
9.00926
5.37005
-2.57009
3.6
-334.708
-1.79948
7.63923
5.30005
-2.19009
3.6
-353.609
1.10052
6.4192
5.28005
-2.25009
3.6
-375.61
1.10052
5.43917
5.28005
-2.58009
3.6
-380.611
1.10052
4.37915
5.13004
-3.05009
3.6
-380.611
14.0005
3.59914
4.67003
-3.41009
3.6
-380.611
33.8006
3.19888
4.20998
-3.62012
3.6
-380.608
50.3004
0.88888
0.76998
-5.11015
3.6
-376.208
50.3004
0.43888
0.159981
-5.35015
3.6
-376.508
39.8006
-0.18112
-0.350019
-5.68016
3.60001
-376.408
26.2007
-0.981119
-0.600019
-6.07017
3.60001
-376.408
8.10063
-4.71113
-0.790019
-7.61021
3.40001
-385.009
3.90063
-5.74141
-0.840056
-7.91026
3.30002
-367.904
3.9008
-6.88144
-0.840056
-7.97026
1.20002
-363.003
-8.8992
-7.57146
-0.620056
-7.97026
-0.199979
-363.003
-23.7993
-8.24147
-0.200057
-7.97026
-1.89998
-363.003
-40.2992
-8.83148
0.449943
-7.99026
-7.49997
-363.703
-54.4989
-9.23149
1.43994
-8.01026
-6.49998
-358.803
-78.1986
-9.2815
2.27994
-8.03026
-5.69998
-355.403
-92.7984
-9.05149
3.16994
-8.08026
-5.69998
-351.603
-112.298
-8.66148
3.81994
-8.13026
-3.39998
-351.603
-125.198
-7.95146
4.44995
-8.24027
0.10002
-351.603
-136.198
-6.86144
4.87996
-8.39027
3.30002
-351.603
-171.7
-5.92142
4.86996
-8.55027
4.10002
-351.603
-189.102
-5.05168
4.54989
-8.69037
7.20002
-351.597
-207.204
-4.52167
4.15988
-8.81038
9.30002
-351.597
-221.505
-4.09166
3.64988
-8.94038
11.9
-351.597
-239.206
-3.72166
2.84988
-9.10038
23.8001
-351.597
-253.907
-3.60166
1.96988
-9.24039
7.70001
-357.497
-276.308
-3.77166
1.17988
-9.37039
9.80002
-359.298
-291.609
-4.10194
0.529826
-9.44046
8.40001
-362.593
-291.609
-4.81195
-0.210174
-9.53046
5.10001
-365.493
-322.111
-5.69197
-0.660174
-9.63046
3.70002
-364.993
-341.512
-6.53199
-0.790174
-9.70046
1.90002
-364.793
-358.713
-7.53202
-0.570174
-9.74046
1.40002
-363.593
-378.714
-8.47204
-0.0301742
-9.74046
-1.89998
-359.793
-400.315
-9.87207
1.51982
-9.78046
-1.79998
-358.893
-405.016
-10.5421
2.08982
-9.79046
-0.799983
-359.693
-389.115
-11.7921
2.74982
-9.78046
-0.799983
-359.693
-378.014
-12.8621
2.98982
-9.78046
-0.799983
-359.693
-367.113
-13.9522
3.05982
-9.78046
-0.299983
-355.393
-357.413
-15.0425
3.06975
-9.54055
-0.299971
-338.79
-357.411
-15.9126
3.06975
-9.07054
-0.299971
-323.189
-357.411
-16.5726
3.06975
-8.48052
-0.299971
-312.388
-357.411
-17.0226
3.09975
-7.84051
-0.299971
-301.088
-357.411
-17.4429
3.09968
-6.90059
-0.299959
-285.086
-358.61
-17.5729
3.13968
-5.41055
-0.299959
-264.185
-358.61
-17.2529
3.13968
-4.20052
-0.299959
-246.184
-358.61
-16.7828
3.15968
-3.34052
-0.299959
-229.383
-358.61
-15.9228
3.18968
-2.52052
-0.299959
-212.382
-358.61
-14.7628
3.18968
-1.95052
-0.299959
-198.081
-358.61
-13.3928
3.21968
-1.77052
0.400041
-181.18
-358.61
-12.2827
3.05968
-1.75052
0.400041
-178.58
-350.509
-10.9927
2.58968
-1.75052
0.400041
-178.58
-333.608
-10.2531
2.0996
-1.72059
0.400054
-180.779
-321.707
-8.67302
0.789603
-1.72059
0.400054
-180.779
-321.707
-7.54299
0.119603
-1.72059
0.400054
-180.779
-335.008
-6.10296
-0.280397
-1.72059
0.400054
-180.779
-350.009
-5.17294
-0.330397
-1.67059
0.400054
-180.779
-358.309
-2.59291
-0.330397
-1.67059
0.400054
-180.779
-361.409
-1.68291
-0.220397
-1.68059
-5.99994
-180.779
-371.21
-0.942915
0.039603
-1.66059
-13.8
-180.779
-386.611
-0.222916
0.549603
-1.70059
-22.9
-187.479
-400.812
0.267084
1.1696
-1.82059
-29.6
-192.68
-414.513
0.666726
2.12952
-2.14066
-29.6
-206.38
-434.116
0.626726
3.15952
-2.68066
-29.6
-219.181
-467.018
0.396726
3.73952
-3.13066
-22.5
-225.381
-485.419
-0.0932738
4.29953
-3.89066
-15.2
-237.882
-506.12
-0.643273
4.50953
-4.59067
7.40002
-226.881
-545.312
-1.23327
4.36953
-5.46069
17.5001
-223.981
-567.207
-1.80327
3.72952
-6.35071
24.7001
-217.38
-603.298
-2.00327
3.01952
-6.96072
30.7001
-207.68
-627.992
-1.82363
1.95945
-7.54077
30.5001
-198.577
-650.488
-1.28363
0.999453
-7.86077
27.3001
-185.177
-671.283
-0.243633
0.249453
-8.04078
12.3001
-179.176
-698.276
0.736366
-0.000546753
-8.06078
4.00005
-179.176
-714.572
1.81637
-0.000546753
-8.06078
2.70005
-179.876
-720.771
2.81636
-0.0105468
-7.89077
2.70005
-198.777
-720.771
3.86636
-0.000546753
-7.39076
2.70005
-214.878
-721.071
4.46637
-0.000546753
-6.90075
2.70005
-225.779
-721.071
5.02639
-0.0105468
-6.21074
2.70005
-236.38
-721.071
5.40602
-0.0106099
-5.38077
2.70003
-245.779
-721.073
5.63603
-0.0106099
-4.31075
2.70003
-264.881
-721.073
5.54603
-0.0406099
-3.13074
2.70003
-278.881
-721.073
5.23602
-0.0406099
-2.27074
2.70003
-293.782
-721.073
4.60601
-0.0406099
-1.34075
2.70003
-311.583
-721.073
3.91599
-0.0406099
-0.740746
2.70003
-324.484
-721.073
2.90599
-0.0406099
-0.230746
2.70003
-338.885
-721.073
1.96599
-0.0406099
-0.0307464
2.80003
-355.486
-721.073
0.825995
-0.0406099
-0.0207464
2.80003
-359.686
-721.073
0
0
0
2.80003
-359.686
-721.073